-0.405465 12.885722 12.809925 12.714710 
1.386294 1.752597 1.761173 1.772357 
1.992430 1.418345 1.425783 1.435017 
2.367124 1.351046 1.356724 1.364153 
2.639057 1.317655 1.323342 1.330081 
2.852631 1.301031 1.305758 1.312281 
3.028522 1.278007 1.282868 1.289429 
3.178054 1.268614 1.274007 1.280599 
3.308107 1.276268 1.280254 1.286051 
3.423176 1.253472 1.258464 1.263021 
3.526361 1.221585 1.225324 1.231057 
3.619887 1.236250 1.240809 1.249074 
3.705409 1.222658 1.228208 1.232452 
3.784190 1.218909 1.221091 1.225455 
3.857215 1.190630 1.195477 1.200323 
3.925268 1.186216 1.190780 1.195345 
3.988984 1.173562 1.177094 1.183148 
4.048882 1.178256 1.180464 1.184327 
4.105394 1.166362 1.168190 1.170018 
4.158883 1.150266 1.151596 1.158910 
4.209655 1.161290 1.164875 1.169892 
4.257974 1.130334 1.133437 1.138092 
4.304065 1.139785 1.145575 1.148883 
4.348125 1.127813 1.132313 1.136814 
4.390325 1.124517 1.130309 1.138031 
4.430817 1.117043 1.121150 1.124230 
4.469732 1.119126 1.123497 1.130055 
4.507190 1.116414 1.116414 1.121071 
4.543295 1.118873 1.122549 1.127451 
4.578142 1.125974 1.131169 1.131169 
4.611815 1.116183 1.118949 1.118949 
4.644391 1.098837 1.101744 1.101744 
4.675939 1.099071 1.099071 1.099071 
4.706523 1.117550 1.127483 1.130795 
4.736198 1.079174 1.080895 1.084337 
4.765019 1.110487 1.114232 1.116105 
4.793032 1.118343 1.118343 1.120316 
4.820282 1.102669 1.106776 1.110883 
4.846808 1.075789 1.077895 1.086316 
4.872650 1.077093 1.077093 1.085903 
4.897840 1.061364 1.063636 1.065909 
4.922411 1.107143 1.109524 1.119048 
4.946393 1.085213 1.092732 1.095238 
4.969813 1.067532 1.067532 1.067532 
4.992698 1.094444 1.100000 1.108333 
5.015070 1.077143 1.080000 1.080000 
5.036953 1.090361 1.090361 1.090361 
5.058367 1.083077 1.083077 1.086154 
5.079332 1.060317 1.066667 1.066667 
5.099866 1.059603 1.062914 1.062914 
5.119988 1.034130 1.040956 1.044369 
5.139712 1.061594 1.061594 1.061594 
5.159055 1.069343 1.072993 1.080292 
5.178031 1.050000 1.053846 1.053846 
5.196654 1.076000 1.076000 1.076000 
5.214936 1.056000 1.056000 1.056000 
5.232890 1.095833 1.095833 1.112500 
5.250527 1.063559 1.063559 1.063559 
5.267858 1.061404 1.061404 1.065789 
5.284894 1.049107 1.053571 1.053571 
5.301645 1.045872 1.050459 1.050459 
5.318120 1.100962 1.100962 1.105769 
5.334328 1.068627 1.068627 1.073529 
5.350277 1.072917 1.078125 1.083333 
5.365976 1.005291 1.005291 1.010582 
5.381432 1.065574 1.065574 1.071038 
5.396653 1.078212 1.078212 1.078212 
5.411646 1.034682 1.034682 1.034682 
5.426417 1.064706 1.070588 1.076471 
5.440974 1.041916 1.041916 1.041916 
5.455321 1.075000 1.075000 1.075000 
5.469466 1.056604 1.056604 1.056604 
5.483413 1.026144 1.026144 1.026144 
5.497168 1.033113 1.033113 1.033113 
5.510737 1.048276 1.048276 1.055172 
5.524124 1.057554 1.057554 1.057554 
5.537334 1.037037 1.037037 1.037037 
5.550372 1.069767 1.069767 1.077519 
5.563242 1.031008 1.031008 1.038760 
5.575949 1.048387 1.048387 1.048387 
5.588496 1.048780 1.048780 1.048780 
5.600888 1.049587 1.049587 1.049587 
5.613128 1.050847 1.050847 1.067797 
5.625220 1.051282 1.051282 1.059829 
5.637168 1.062500 1.062500 1.062500 
5.648974 1.045872 1.045872 1.045872 
5.660643 1.045872 1.045872 1.045872 
5.672177 1.057692 1.057692 1.057692 
5.683580 1.077670 1.077670 1.077670 
5.694854 1.049020 1.049020 1.049020 
5.706002 1.051546 1.051546 1.051546 
5.717028 1.021053 1.021053 1.021053 
5.727933 1.063830 1.063830 1.063830 
5.738721 1.067416 1.067416 1.078652 
5.749393 1.044944 1.056180 1.078652 
5.759953 1.023256 1.023256 1.034884 
5.770402 1.023529 1.023529 1.023529 
5.780744 1.012048 1.012048 1.012048 
5.790979 1.084337 1.096386 1.096386 
5.801111 1.060976 1.060976 1.060976 
5.811141 1.086420 1.086420 1.086420 
5.821072 1.000000 1.000000 1.000000 
5.830904 1.063291 1.063291 1.063291 
5.840642 1.116883 1.116883 1.116883 
5.850285 1.090909 1.090909 1.090909 
5.859836 1.069444 1.069444 1.069444 
5.869297 1.054054 1.054054 1.054054 
5.878669 1.042254 1.042254 1.056338 
5.887954 1.042254 1.042254 1.056338 
5.897154 1.042857 1.042857 1.042857 
5.906270 1.057143 1.057143 1.057143 
5.915303 1.014493 1.014493 1.014493 
5.924256 1.058824 1.073529 1.073529 
5.933129 1.107692 1.107692 1.107692 
5.941924 1.046875 1.046875 1.046875 
5.950643 1.032258 1.032258 1.032258 
5.959286 1.000000 1.000000 1.000000 
5.967855 1.032787 1.032787 1.032787 
5.976351 1.065574 1.081967 1.081967 
5.984776 1.052632 1.052632 1.087719 
5.993130 1.051724 1.051724 1.103448 
6.001415 1.036364 1.036364 1.036364 
6.009632 0.981132 0.981132 0.981132 
6.017782 1.062500 1.062500 1.062500 
6.025866 1.021277 1.021277 1.021277 
6.033885 1.085106 1.085106 1.085106 
6.041841 1.065217 1.086957 1.086957 
6.049733 1.043478 1.043478 1.043478 
6.057564 1.021739 1.021739 1.021739 
6.065334 1.086957 1.086957 1.086957 
6.073045 1.045455 1.045455 1.045455 
6.080696 1.022222 1.022222 1.022222 
6.088289 1.045455 1.045455 1.045455 
6.095825 1.068182 1.068182 1.068182 
6.103304 1.023810 1.023810 1.023810 
6.110728 1.046512 1.046512 1.046512 
6.118097 1.069767 1.069767 1.093023 
6.125413 1.052632 1.052632 1.052632 
6.132675 1.025000 1.025000 1.025000 
6.139885 1.052632 1.052632 1.052632 
6.147043 1.052632 1.078947 1.078947 
6.154150 1.078947 1.078947 1.078947 
6.161207 1.000000 1.000000 1.026316 
6.168215 1.052632 1.052632 1.052632 
6.175174 1.078947 1.078947 1.078947 
6.182085 1.000000 1.000000 1.000000 
6.188948 1.026316 1.026316 1.026316 
6.195765 1.131579 1.131579 1.131579 
6.202536 1.000000 1.000000 1.000000 
6.209260 1.078947 1.078947 1.078947 
6.215941 0.974359 0.974359 0.974359 
6.222576 1.026316 1.026316 1.026316 
6.229168 1.025641 1.025641 1.025641 
6.235717 1.052632 1.052632 1.052632 
6.242223 1.131579 1.131579 1.131579 
6.248687 1.052632 1.052632 1.078947 
6.255110 1.078947 1.078947 1.078947 
6.261492 1.052632 1.078947 1.105263 
6.267833 1.000000 1.000000 1.000000 
6.274134 1.135135 1.135135 1.135135 
6.280396 1.027778 1.027778 1.027778 
6.286619 1.000000 1.000000 1.027778 
6.292803 1.055556 1.055556 1.055556 
6.298949 1.058824 1.058824 1.058824 
6.305058 1.028571 1.057143 1.057143 
6.311130 1.058824 1.058824 1.058824 
6.317165 1.058824 1.058824 1.058824 
6.323164 1.058824 1.058824 1.058824 
6.329127 1.000000 1.000000 1.000000 
6.335054 1.137931 1.172414 1.172414 
6.340947 1.000000 1.000000 1.000000 
6.346805 1.076923 1.115385 1.115385 
6.352629 1.037037 1.037037 1.037037 
6.358420 1.076923 1.076923 1.076923 
6.364177 1.000000 1.000000 1.000000 
6.369901 1.115385 1.115385 1.115385 
6.375593 1.040000 1.040000 1.040000 
6.381252 1.120000 1.120000 1.120000 
6.386879 1.000000 1.000000 1.000000 
6.392475 1.000000 1.000000 1.000000 
6.398040 1.083333 1.083333 1.083333 
6.403574 1.083333 1.083333 1.083333 
6.409078 1.000000 1.000000 1.041667 
6.414551 1.041667 1.041667 1.041667 
6.419995 1.000000 1.000000 1.000000 
6.425409 1.125000 1.125000 1.125000 
6.430794 1.000000 1.000000 1.000000 
6.436150 1.000000 1.000000 1.000000 
6.441478 1.125000 1.125000 1.125000 
6.446777 1.041667 1.041667 1.041667 
6.452049 1.000000 1.000000 1.000000 
6.457293 1.090909 1.090909 1.090909 
6.462509 1.000000 1.000000 1.000000 
6.467699 1.090909 1.090909 1.090909 
6.472861 1.000000 1.000000 1.000000 
6.477997 1.000000 1.000000 1.000000 
6.483107 1.210526 1.210526 1.210526 
6.488191 1.105263 1.105263 1.105263 
6.493249 1.125000 1.125000 1.125000 
6.498282 1.062500 1.062500 1.062500 
6.503290 1.062500 1.062500 1.062500 
6.508272 1.125000 1.125000 1.125000 
6.513230 1.125000 1.125000 1.125000 
6.518164 1.125000 1.125000 1.125000 
6.523073 1.000000 1.000000 1.000000 
6.527958 1.153846 1.153846 1.230769 
6.532819 0.928571 0.928571 0.928571 
6.537657 1.076923 1.076923 1.076923 
6.542472 1.166667 1.166667 1.166667 
6.547264 1.083333 1.083333 1.083333 
6.552032 1.000000 1.000000 1.000000 
6.556778 1.083333 1.083333 1.083333 
6.561502 1.000000 1.000000 1.000000 
6.566203 1.090909 1.090909 1.090909 
6.570883 1.200000 1.200000 1.200000 
6.575541 1.000000 1.000000 1.000000 
6.580177 1.000000 1.000000 1.000000 
6.584791 1.000000 1.000000 1.000000 
6.589385 1.000000 1.000000 1.000000 
6.593957 1.000000 1.000000 1.000000 
6.598509 1.100000 1.100000 1.100000 
6.603040 1.100000 1.100000 1.100000 
6.607551 1.200000 1.200000 1.200000 
6.612041 0.818182 0.818182 0.818182 
6.616511 1.000000 1.000000 1.000000 
6.620962 1.000000 1.000000 1.000000 
6.625392 1.000000 1.000000 1.000000 
6.629803 1.222222 1.222222 1.222222 
6.634195 1.125000 1.125000 1.125000 
6.638568 1.000000 1.000000 1.000000 
6.642921 1.000000 1.000000 1.000000 
6.647256 1.000000 1.000000 1.000000 
6.651572 1.000000 1.000000 1.000000 
6.655869 1.125000 1.125000 1.125000 
6.660148 1.000000 1.000000 1.000000 
6.664409 1.000000 1.000000 1.000000 
6.668652 1.000000 1.000000 1.000000 
6.672876 1.125000 1.125000 1.250000 
6.677083 1.000000 1.000000 1.000000 
6.681273 1.125000 1.125000 1.125000 
6.685445 1.125000 1.125000 1.125000 
6.689599 1.125000 1.125000 1.125000 
6.693737 1.000000 1.000000 1.000000 
6.697857 1.000000 1.000000 1.000000 
6.701960 1.000000 1.000000 1.000000 
6.706047 1.000000 1.000000 1.000000 
6.710117 1.000000 1.000000 1.000000 
6.714171 1.125000 1.125000 1.125000 
6.718208 1.000000 1.000000 1.000000 
6.722229 1.000000 1.000000 1.000000 
6.726233 1.000000 1.000000 1.000000 
6.730222 1.125000 1.125000 1.125000 
6.734195 1.000000 1.000000 1.000000 
6.738152 1.000000 1.000000 1.000000 
6.742094 1.000000 1.000000 1.000000 
6.746020 1.000000 1.000000 1.000000 
6.749931 1.000000 1.000000 1.000000 
6.753827 1.000000 1.000000 1.000000 
6.757707 1.125000 1.125000 1.125000 
6.761573 1.125000 1.125000 1.125000 
6.765423 1.250000 1.250000 1.250000 
6.769259 1.125000 1.125000 1.125000 
6.773080 1.000000 1.000000 1.000000 
6.776887 1.000000 1.000000 1.000000 
6.780679 1.125000 1.125000 1.125000 
6.784457 1.125000 1.125000 1.125000 
6.788221 1.000000 1.000000 1.000000 
6.791970 1.000000 1.000000 1.125000 
6.795706 1.000000 1.000000 1.000000 
6.799427 1.000000 1.000000 1.125000 
6.803135 1.000000 1.000000 1.000000 
6.806829 1.000000 1.000000 1.000000 
6.810510 1.125000 1.125000 1.125000 
6.814177 1.125000 1.125000 1.125000 
6.817831 1.000000 1.000000 1.000000 
6.821471 1.125000 1.125000 1.125000 
6.825098 1.000000 1.000000 1.000000 
6.828712 1.000000 1.000000 1.000000 
6.832313 1.000000 1.000000 1.000000 
6.835901 1.000000 1.000000 1.000000 
6.839476 1.000000 1.000000 1.000000 
6.843039 1.250000 1.250000 1.250000 
6.846589 1.375000 1.375000 1.375000 
6.850126 1.000000 1.000000 1.000000 
6.853651 1.125000 1.125000 1.125000 
6.857163 1.000000 1.000000 1.000000 
6.860664 1.125000 1.125000 1.125000 
6.864152 1.125000 1.125000 1.125000 
6.867627 1.000000 1.000000 1.000000 
6.871091 1.000000 1.000000 1.000000 
6.874543 1.125000 1.125000 1.125000 
6.877983 1.125000 1.125000 1.125000 
6.881411 1.000000 1.000000 1.000000 
6.884828 1.000000 1.000000 1.000000 
6.888233 1.000000 1.000000 1.000000 
6.891626 1.125000 1.125000 1.125000 
6.895008 1.000000 1.000000 1.000000 
6.898378 1.000000 1.000000 1.000000 
6.901737 1.250000 1.250000 1.250000 
6.905085 1.000000 1.000000 1.000000 
6.908422 1.125000 1.125000 1.125000 
6.911747 1.000000 1.000000 1.000000 
6.915062 1.000000 1.125000 1.125000 
6.918365 1.125000 1.125000 1.125000 
6.921658 1.000000 1.000000 1.000000 
6.924940 1.000000 1.000000 1.000000 
6.928211 1.000000 1.000000 1.000000 
6.931472 1.000000 1.000000 1.000000 
